782 334
323 441
432 1000
100 692
304 834
574 472
612 465
370 813
690 393
742 591
72 916
484 493
961 283
447 897
640 120
431 691
69 697
340 781
712 637
441 762
820 763
300 685
154 920
435 60
834 671
611 138
328 126
784 373
802 527
656 110
492 509
38 585
948 540
719 938
786 618
789 243
199 404
969 949
197 84
555 958
863 20
402 70
787 381
792 862
787 633
109 715
548 846
491 134
907 323
98 799
918 691
811 254
972 851
187 704
432 83
47 610
290 191
1000 370
639 636
174 90
44 875
508 64
487 858
406 145
97 745
127 459
819 392
647 238
425 354
370 900
644 32
240 914
212 469
658 707
247 27
448 87
819 725
352 113
593 311
656 459
302 146
76 260
311 350
522 551
233 32
913 47
945 933
613 182
793 754
758 233
577 629
21 358
501 784
798 675
993 769
735 728
474 221
706 597
702 677
885 364
634 578
420 252
353 376
739 161
834 167
600 259
842 819
449 201
959 586
355 130
470 847
427 394
874 717
473 146
882 309
415 843
312 892
19 911
356 778
414 388
815 942
180 281
277 656
251 41
699 542
515 552
434 643
625 920
123 602
211 961
295 729
819 166
442 404
398 85
461 737
840 621
479 707
223 907
340 974
730 580
570 541
547 714
690 392
520 388
817 321
709 769
979 127
17 921
308 97
467 501
117 617
876 690
197 173
647 405
2 331
173 413
28 782
467 872
16 340
846 812
966 111
738 588
460 984
421 877
415 329
835 418
430 912
843 896
664 361
677 511
915 655
39 868
932 521
409 673
14 892
31 734
265 287
212 25
776 745
957 478
976 887
292 528
932 723
287 805
738 44
510 268
744 802
981 465
972 440
845 628
291 689
106 997
635 384
263 136
943 197
150 132
643 273
722 370
168 272
27 940
171 943
424 57
804 939
582 647
411 808
728 38
457 482
877 578
279 932
195 315
770 117
722 600
827 174
25 209
104 10
312 340
163 809
226 566
430 441
9 437
749 282
73 869
355 384
383 411
590 355
874 68
230 33
761 979
27 486
139 88
957 564
855 17
506 547
477 333
799 144
838 246
981 272
826 847
720 850
560 745
787 130
216 46
519 977
87 512
777 230
926 406
147 476
515 144
714 924
60 656
881 705
204 403
854 908
574 79
37 498
13 282
440 947
692 202
285 397
975 680
783 352
299 483
354 896
858 750
918 763
948 736
774 699
105 595
801 712
940 25
205 650
952 81
641 636
676 93
581 602
959 80
874 88
249 603
321 818
23 368
398 301
240 287
794 369
671 879
896 178
999 898
583 54
758 841
301 436
160 884
856 683
417 286
832 385
763 284
942 412
400 443
127 272
233 916
8 852
490 684
842 61
868 243
938 797
181 769
586 201
79 150
207 551
279 169
908 415
288 735
838 185
909 792
925 344
957 508
668 362
329 963
533 482
517 331
650 728
71 519
721 546
796 727
140 946
481 102
373 281
464 916
153 166
473 561
733 335
390 96
986 722
830 254
685 520
874 737
704 941
708 430
124 931
58 488
200 111
485 915
903 786
181 117
372 207
213 914
756 918
922 545
75 196
512 658
732 149
534 143
419 380
807 631
162 906
55 354
87 857
32 867
105 540
661 434
563 171
645 289
121 254
395 744
573 934
351 511
544 95
29 763
684 212
283 999
605 24
14 713
602 844
113 92
791 887
465 727
941 710
785 975
679 419
881 244
443 992
851 296
450 686
582 542
887 839
424 906
985 462
952 805
100 27
705 870
169 269
918 155
437 897
277 832
303 332
693 706
271 597
103 461
154 99
554 787
215 949
765 425
426 755
719 752
113 99
213 258
569 548
383 59
742 655
998 15
217 111
93 501
335 76
391 166
178 70
127 482
658 9
876 478
58 954
699 581
150 735
590 726
469 354
431 939
628 825
21 498
648 634
298 66
874 915
216 912
944 934
801 731
731 672
606 138
580 785
127 545
699 824
913 794
815 977
210 642
308 455
246 334
267 120
377 141
53 241
264 68
715 529
833 463
218 986
121 32
86 696
111 844
10 647
853 864
260 253
463 53
733 6
527 302
810 790
973 432
344 820
420 510
460 913
791 940
764 812
299 986
878 935
999 696
467 110
463 571
745 850
901 994
145 829
800 59
956 252
639 631
463 958
829 868
915 226
193 915
485 330
886 14
883 596
351 1
197 287
734 73
558 956
509 777
497 30
419 769
535 336
13 962
134 379
889 950
279 940
678 141
733 554
310 799
955 710
214 397
878 220
880 658
169 772
817 223
234 856
945 370
87 263
61 441
592 289
664 953
829 684
430 51
585 860
827 405
705 469
907 32
197 520
400 245
490 968
601 567
992 976
285 156
494 463
979 823
650 294
608 794
718 645
649 204
333 936
452 804
76 481
483 416
607 312
441 561
838 673
763 720
838 561
19 495
98 834
687 943
561 295
527 607
810 954
999 376
851 548
273 322
612 546
590 78
377 304
680 599
448 150
228 274
877 314
190 46
39 717
684 665
188 208
385 90
351 34
812 2
947 636
131 660
270 718
987 901
181 47
610 128
729 583
847 420
3 451
210 732
437 551
120 362
248 155
351 182
713 613
569 374
35 590
727 809
836 273
985 348
38 967
339 24
788 5
188 167
203 474
221 939
989 810
946 697
914 97
761 955
961 496
425 908
406 753
434 571
162 277
521 786
792 797
48 912
929 484
873 927
815 81
573 337
905 386
891 548
904 77
747 158
836 858
655 517
842 873
226 829
472 889
540 911
179 74
308 772
565 507
986 19
415 714
380 354
5 15
69 21
33 370
704 567
303 363
666 366
821 662
917 943
329 961
11 968
492 824
806 848
239 734
29 687
786 428
163 452
363 763
575 204
441 918
699 785
522 693
328 472
427 614
278 728
245 105
230 761
746 715
970 522
549 112
203 283
914 916
998 527
955 560
523 775
670 767
501 297
489 889
454 853
285 395
764 786
591 963
162 438
230 101
633 67
497 819
468 291
964 497
812 574
482 767
317 415
379 249
764 153
879 800
769 162
811 664
664 414
897 635
695 716
639 977
467 5
89 436
411 647
749 67
643 403
371 720
71 176
196 333
192 575
654 350
104 837
438 991
478 453
204 754
569 39
946 379
249 934
777 988
855 705
49 522
391 921
746 678
76 447
508 855
898 382
11 767
971 876
959 750
648 473
264 138
289 888
462 221
772 897
505 113
757 270
998 745
96 930
57 456
124 97
80 983
152 74
120 77
410 31
902 447
594 798
527 474
522 69
184 519
116 493
337 700
807 911
864 50
430 969
905 902
114 701
235 546
326 161
888 476
310 1000
509 249
215 525
700 171
835 698
917 11
153 89
926 259
10 56
108 906
439 916
754 710
733 243
990 732
15 172
145 110
159 852
889 896
609 812
851 649
670 396
588 674
845 783
471 311
605 697
233 66
594 764
949 660
770 486
553 743
769 1000
625 584
941 219
850 103
445 815
443 958
800 481
64 18
418 142
297 683
375 439
573 369
868 216
414 625
735 553
288 377
78 417
741 626
216 937
5 451
206 997
361 58
766 250
823 289
188 77
434 269
130 338
653 416
298 959
120 854
669 86
500 313
337 859
973 920
786 856
518 977
447 84
206 27
232 109
324 320
288 333
920 185
412 761
284 870
629 523
697 861
622 387
808 386
328 865
883 782
125 1000
419 54
782 917
505 89
80 365
604 255
121 109
856 710
602 32
380 601
225 929
851 273
1 923
12 891
59 357
941 622
407 782
969 829
806 938
358 771
802 693
817 287
609 164
79 872
79 922
224 436
689 121
321 745
646 577
589 547
717 402
387 954
884 85
488 446
366 351
681 344
931 335
78 588
898 741
144 63
411 939
398 676
409 903
81 755
441 497
827 819
545 322
591 929
342 406
85 367
613 415
887 221
18 262
473 419
322 733
207 727
145 609
420 342
880 460
617 229
307 803
483 522
119 407
332 352
890 540
320 596
265 236
420 985
547 539
127 63
635 827
228 570
672 725
94 456
198 746
270 869
295 181
407 95
681 402
752 445
854 172
631 292
775 580
475 100
218 375
740 257
64 790
423 185
882 578
210 439
806 966
693 972
854 981
967 630
958 457
445 58
843 298
112 637
738 148
480 105
853 815
998 518
386 857
601 409
375 860
89 535
934 217
355 361
521 917
571 513
971 928
67 124
309 611
667 190
988 275
213 552
774 270
416 44
505 819
668 606
391 237
900 485
968 578
545 341
694 150
426 367
775 392
786 282
677 811
233 905
886 142
86 89
414 381
585 48
948 285
609 768
211 874
252 258
594 121
737 436
751 66
624 762
260 674
222 910
967 885
106 539
373 892
450 915
370 838
255 674
705 914
79 831
138 43
643 399
286 660
711 759
649 348
135 127
97 213
592 341
617 937
469 732
529 739
231 73
32 274
474 761
538 218
570 45
873 126
39 378
620 827
572 438
970 198
653 697
468 790
766 913
676 617
521 895
819 935
344 659
940 374
809 989
994 665
742 250
221 956
768 384
373 342
668 515
593 53
218 474
995 489
284 8
996 958
472 937
581 203
459 301
805 217
226 615
929 196
919 936
614 532
637 782
660 36
382 943
813 95
117 656
380 543
808 519
876 505
597 439
78 622
128 859
675 428
435 116
278 755
325 208
482 97
121 672
129 188
464 935
109 617
931 325
542 642
127 903
817 2
969 400
17 981
65 30
305 456
458 121
685 905
558 751
801 514
676 827
85 973
329 686
758 754
843 478
663 911
646 960
685 205
451 127
760 605
669 310
689 384
257 111
838 797
245 692
534 535
876 7
237 119
383 189
64 769
401 697
897 525
708 712
625 943
813 300
115 73
563 981
174 152
110 834
6 247
774 974
893 938
912 421
855 886
51 631
973 610
562 607
722 622
708 626
271 366
929 121
554 4
464 68
562 170
598 721
786 912
285 312
765 500
355 405
938 307
56 504
169 286
454 857
500 786
457 236
275 886
131 52
390 794
250 24
56 690
518 266
17 203
305 412
664 456
212 809
582 981
382 494
798 266
28 146
240 537
352 7
403 823
524 188
285 756
435 312
196 905
163 410
549 526
533 75
402 30
472 821
752 639
897 680
314 767
926 55
695 483
951 752
858 309
224 507
870 455
6 628
279 990
340 134
884 696
788 280
304 648
892 962
290 61
732 629
307 785
897 314
371 454
135 160
218 920
39 562
996 262
208 966
8 61
897 121
569 509
609 821
975 499
228 947
330 592
892 320
624 297
428 547
538 797
92 76
518 932
197 206
196 888
437 425
689 545
598 622
237 145
803 489
190 315
638 555
352 484
144 103
479 220
139 153
711 816
805 272
737 954
562 861
675 378
290 495
898 315
549 300
352 822
223 67
182 753
696 168
565 128
422 387
266 184
295 215
393 587
947 566
135 992
12 717
221 969
648 983
810 241
66 343
572 306
732 826
22 704
466 441
546 471
449 769
426 687
844 121
265 869
505 830
91 75
967 407
973 972
46 882
374 113
35 9
422 419
303 822
660 301
852 66
115 596
38 9
433 152
474 732
214 519
187 92
128 491
476 123
409 53
828 1
910 275
802 955
771 307
990 994
773 770
494 337
67 721
947 795
637 793
846 485
883 923
774 820
104 370
869 212
949 592
293 580
16 420
109 767
392 840
670 501
751 34
596 32
680 878
37 248
43 357
77 454
446 898
774 219
905 125
817 186
745 518
270 602
899 23
74 240
887 263
812 399
435 970
893 575
319 884
633 711
71 431
545 137
808 8
718 426
94 849
623 47
767 163
943 310
801 563
419 341
52 23
817 173
571 541
979 246
359 916
76 149
73 300
827 34
423 942
192 751
192 399
315 60
404 219
410 987
244 453
512 760
792 252
648 357
291 409
915 271
291 542
754 284
695 278
17 273
100 548
262 630
355 676
982 338
105 171
757 408
25 96
865 899
628 921
285 637
704 2
130 804
347 564
99 519
346 263
640 428
910 114
879 247
4 82
443 927
118 83
483 844
609 633
741 41
851 484
510 430
936 324
731 299
613 96
794 570
935 580
263 881
46 131
728 42
348 374
564 123
692 569
111 583
346 635
871 154
558 106
616 476
923 914
805 596
622 228
124 808
741 83
119 161
977 107
340 758
507 323
246 15
914 770
784 424
178 739
248 510
720 291
865 764
814 839
972 114
408 750
470 670
517 722
193 3
324 227
212 360
499 839
611 582
783 530
497 759
341 911
969 709
674 595
940 563
455 767
958 237
19 322
662 925
587 94
943 750
5 880
980 202
522 917
423 385
113 894
388 563
970 908
208 691
843 927
755 121
372 303
1000 760
1000 410
304 101
371 351
429 681
523 677
303 421
432 412
317 712
111 984
541 517
237 105
280 161
194 63
538 505
70 644
577 863
825 861
834 470
826 261
124 899
713 66
791 799
670 240
404 453
998 284
334 193
189 619
863 337
44 634
752 944
276 903
379 695
679 137
982 27
553 13
226 371
89 502
183 498
17 596
309 196
682 864
50 259
272 878
57 604
502 229
532 140
533 35
664 81
312 855
939 207
438 734
918 183
943 691
906 807
594 806
946 929
785 319
159 73
442 186
855 611
117 453
676 740
296 695
885 602
431 809
858 613
712 116
248 408
470 504
388 894
438 680
965 91
967 844
509 496
113 870
412 253
145 77
151 67
812 498
781 255
859 897
724 726
170 618
39 416
265 877
27 940
933 214
206 571
399 803
960 463
750 211
195 423
382 260
470 815
543 970
280 501
306 336
482 968
532 212
461 15
667 846
29 808
740 886
979 974
530 666
683 865
766 50
907 241
923 965
534 604
653 649
52 463
527 912
531 512
56 604
591 315
719 459
564 54
816 472
186 487
259 200
337 10
644 223
778 676
85 174
941 525
491 213
343 433
829 658
179 625
374 712
548 274
751 284
361 336
1000 460
380 317
215 255
835 906
894 681
317 128
30 448
84 237
404 176
905 316
377 762
953 757
125 142
92 701
539 515
43 904
252 975
697 349
647 569
60 571
543 835
946 967
268 326
957 410
913 384
885 465
339 84
954 962
632 27
284 543
213 438
24 53
552 911
41 748
829 985
655 113
434 689
566 940
88 480
174 202
845 152
906 244
667 113
263 854
686 603
88 14
560 630
924 335
378 255
523 563
466 302
472 150
613 996
388 168
681 757
699 5
397 130
20 266
283 990
589 48
957 382
215 832
560 129
378 635
875 72
819 922
301 690
494 802
476 161
100 891
102 904
703 149
465 343
939 640
370 810
200 760
645 183
457 528
675 355
704 722
768 739
966 952
423 825
460 846
296 938
142 574
760 33
739 259
886 336
292 488
559 626
507 228
563 675
323 913
312 356
254 85
372 591
211 134
874 449
964 735
788 271
765 924
626 947
65 417
518 276
407 658
150 555
620 873
887 510
783 24
383 776
197 460
978 827
245 889
34 834
818 710
95 168
871 569
332 920
215 451
147 806
420 28
441 323
524 81
391 59
67 587
494 302
346 645
960 817
958 254
617 163
797 308
287 304
337 989
918 648
655 298
259 473
867 968
734 776
188 479
295 521
28 500
376 761
428 49
223 810
698 169
368 966
332 638
974 87
849 181
639 84
4 163
253 370
415 606
835 661
588 523
274 595
882 650
394 943
435 637
173 382
945 189
586 191
795 303
964 244
46 921
764 164
229 201
267 632
740 653
922 124
104 651
107 316
247 240
523 356
273 431
747 332
467 271
200 371
11 717
919 823
190 805
818 334
341 265
498 597
371 788
14 260
656 153
442 891
362 430
882 910
196 463
484 809
568 417
1 572
215 718
370 125
481 966
258 242
754 220
5 406
410 45
75 33
152 671
868 134
222 70
58 280
491 135
199 36
694 942
297 636
300 553
686 497
659 263
335 525
591 159
602 322
201 446
529 557
920 944
720 896
142 254
735 384
144 441
999 388
881 862
49 297
107 76
646 98
940 632
485 877
398 697
20 328
732 65
7 796
730 880
565 799
15 526
737 411
370 531
176 307
988 820
929 594
914 951
617 427
118 87
336 372
652 595
166 703
233 725
288 100
692 959
442 67
70 55
856 493
485 95
448 964
859 614
883 729
293 429
415 368
805 659
439 382
600 296
431 827
446 993
609 747
519 292
607 556
191 338
702 384
183 252
52 358
655 533
14 174
490 570
384 421
404 749
856 901
367 601
697 161
752 698
420 285
709 658
774 460
430 216
234 804
262 906
550 118
565 664
356 809
283 642
720 832
66 850
958 318
888 534
60 876
959 114
177 7
268 550
725 989
418 400
745 630
895 398
156 186
44 831
495 79
743 810
755 276
419 766
339 516
699 616
9 628
503 87
681 157
69 713
281 717
930 830
194 269
408 519
978 945
190 130
433 520
540 320
831 797
57 545
581 185
143 424
632 692
176 193
991 74
79 364
977 647
512 691
595 743
927 29
213 377
925 962
831 940
660 338
791 539
835 365
935 881
33 831
725 842
616 514
320 362
463 949
110 530
877 774
266 701
164 114
776 444
369 372
796 763
424 761
666 900
667 480
360 680
784 525
773 35
598 16
107 155
29 402
631 111
439 639
426 304
233 940
296 489
939 652
91 334
474 543
405 204
191 386
882 636
262 297
18 407
809 911
543 976
715 390
577 987
109 547
546 983
313 763
768 691
462 967
706 938
556 437
454 469
701 197
155 112
658 437
668 70
408 567
499 502
550 159
944 688
640 826
865 772
809 431
382 869
565 802
231 688
552 507
951 383
524 80
864 504
688 484
550 87
372 386
362 339
177 380
641 329
665 667
889 643
240 415
321 998
361 885
107 42
978 73
83 774
113 847
650 259
161 472
99 595
636 630
710 107
927 956
128 183
909 758
518 301
820 33
245 756
107 851
253 957
980 440
903 318
615 838
781 589
139 42
259 54
120 85
32 120
175 4
993 980
86 392
71 93
440 518
209 354
49 991
81 757
601 228
985 503
14 406
639 942
596 172
989 483
623 599
651 774
845 498
259 951
73 659
325 90
855 102
