369 736
666 514
876 558
822 829
626 429
339 741
835 659
139 411
554 682
207 958
564 174
559 221
834 544
691 284
670 372
182 52
212 375
180 925
544 157
307 941
149 104
862 991
916 931
615 631
520 995
462 41
957 834
424 645
693 108
781 404
546 467
536 41
680 180
958 173
913 155
921 269
198 414
647 579
182 145
528 628
595 462
157 20
943 90
220 385
627 654
966 941
148 615
825 710
514 198
25 209
179 190
373 396
619 287
705 459
72 663
256 532
304 305
299 120
554 417
495 724
767 592
256 433
436 692
68 926
424 736
130 491
341 143
535 232
250 577
213 102
387 176
4 912
256 436
549 821
272 362
822 31
150 655
977 408
880 51
39 510
922 971
38 85
846 701
108 294
295 12
269 580
588 882
970 235
780 246
28 740
830 322
560 342
475 207
185 586
154 654
304 342
227 538
567 210
477 601
232 828
731 640
696 844
625 290
17 773
707 728
331 906
367 287
350 568
932 224
118 679
444 515
736 941
726 398
808 65
128 716
558 986
353 195
265 48
947 447
612 338
815 982
587 826
394 243
462 697
2 454
387 793
672 515
906 37
832 160
484 997
773 621
760 194
191 209
283 544
276 818
485 861
663 148
574 111
267 881
99 832
482 71
11 890
780 343
237 154
644 791
139 855
554 707
528 151
970 447
513 110
255 667
789 462
316 995
496 430
856 595
496 341
509 20
809 836
354 256
837 534
542 357
696 767
106 386
181 681
456 707
475 695
928 431
674 697
648 731
600 903
226 851
40 325
210 985
726 850
172 158
998 814
825 282
193 409
329 956
287 147
837 944
373 546
696 549
598 596
45 234
310 485
480 600
375 180
883 237
169 732
568 907
304 999
751 863
745 521
401 526
1000 892
166 957
83 986
308 211
929 235
413 669
408 924
677 364
868 913
74 782
74 654
932 978
854 258
606 780
149 999
650 387
509 719
3 634
50 229
102 480
504 294
82 251
760 719
665 131
293 960
522 165
674 808
139 467
47 391
146 466
998 453
630 688
545 544
533 264
482 214
149 738
912 764
789 95
753 380
883 710
689 926
182 248
674 139
888 866
526 78
209 627
582 323
154 913
526 369
841 782
389 11
304 699
489 380
460 789
173 456
295 297
742 71
530 277
566 315
744 562
791 411
108 926
988 812
901 334
855 299
566 904
529 83
871 24
300 437
258 908
936 517
697 647
311 999
926 277
919 326
389 483
878 199
627 402
861 651
362 296
595 564
827 909
576 879
759 127
126 976
721 882
216 539
685 529
216 538
197 327
73 787
406 130
707 199
998 139
500 153
498 453
202 400
224 258
513 480
189 125
32 684
422 730
23 15
589 500
762 835
511 904
74 372
931 71
592 94
141 496
83 285
880 53
505 347
850 816
900 397
486 999
619 467
219 470
11 931
409 805
701 464
50 299
262 287
621 74
376 490
848 26
937 351
384 785
194 127
383 96
28 811
373 353
498 818
141 149
113 730
549 314
618 551
576 458
197 12
234 267
420 549
90 903
77 952
807 45
81 976
745 267
132 74
632 860
338 801
392 237
150 832
321 609
471 377
570 383
862 647
748 380
732 170
361 641
880 747
680 454
567 561
453 444
325 784
70 439
442 111
721 917
434 448
774 529
345 467
434 340
709 359
691 368
911 243
92 404
252 30
835 95
293 723
675 620
418 382
443 544
657 607
136 333
583 716
156 857
947 518
769 877
330 84
530 981
416 362
456 840
567 393
168 709
789 366
794 941
657 751
229 986
950 619
121 19
498 508
504 744
165 871
705 922
528 444
714 235
761 979
237 538
262 345
972 340
944 22
127 836
618 470
553 400
860 400
627 900
846 349
712 660
192 121
357 807
188 313
50 134
836 130
258 77
914 781
999 997
525 521
107 392
4 981
793 566
739 727
861 140
449 874
660 899
801 423
792 416
719 395
981 271
492 948
701 863
971 476
371 213
643 863
716 313
156 744
46 86
814 388
528 567
351 371
334 854
59 403
578 607
254 821
80 929
930 756
759 479
971 584
684 485
715 913
511 215
364 389
319 144
783 490
955 62
471 354
46 289
499 814
628 522
828 738
729 715
61 668
529 719
795 268
367 653
181 684
318 204
715 145
129 94
370 897
41 747
530 483
96 611
356 195
469 462
316 306
996 928
579 720
710 538
637 80
901 145
937 175
457 239
732 347
875 597
936 242
261 320
44 155
991 171
656 812
331 738
556 532
628 279
202 152
910 327
636 714
223 696
48 175
593 802
741 62
701 62
840 970
249 264
276 521
334 287
446 900
326 429
691 442
150 683
187 984
126 743
260 95
187 413
636 42
292 277
347 343
81 897
494 330
169 177
523 310
173 137
14 810
254 559
242 175
73 907
595 778
883 194
223 38
530 57
914 753
546 515
774 504
670 654
148 1000
977 239
358 634
510 278
863 859
729 206
627 514
969 808
915 939
322 742
146 481
18 823
900 579
331 848
444 909
185 492
757 305
54 691
86 281
423 230
172 522
998 443
467 759
237 323
57 228
311 925
512 635
959 764
133 978
592 663
594 178
38 800
743 378
949 71
657 378
508 993
175 179
345 744
996 37
880 321
666 995
718 20
586 786
35 247
218 559
626 817
388 668
428 941
277 296
480 290
97 560
266 377
547 523
149 946
865 573
213 489
214 313
223 248
50 934
74 635
728 230
613 428
707 80
841 831
57 24
525 988
468 498
201 895
984 945
532 324
138 174
677 730
817 499
696 401
463 130
405 964
188 773
16 247
267 191
861 694
877 556
186 863
561 303
797 853
33 100
993 232
474 219
220 150
679 370
503 663
51 542
544 311
210 364
232 218
799 997
387 511
367 506
256 35
592 795
498 323
330 910
866 204
662 960
163 203
215 573
477 19
650 431
602 867
579 127
416 705
496 535
824 407
925 686
461 789
821 294
819 609
143 598
656 359
53 603
929 633
1000 281
946 267
536 990
442 270
584 732
235 795
169 468
398 133
619 837
842 151
995 793
658 470
123 960
884 883
916 94
936 365
461 90
357 463
582 985
720 831
380 952
727 608
654 179
184 372
691 449
968 435
868 269
964 286
755 140
67 546
357 166
172 846
998 263
839 477
208 957
217 625
899 639
359 214
496 520
456 241
216 375
294 741
969 980
980 970
113 586
897 536
429 543
899 210
516 383
116 154
181 257
893 102
628 492
838 635
114 420
972 182
347 82
716 616
296 526
865 383
720 775
422 620
476 464
765 770
966 714
617 801
735 35
864 777
398 403
981 740
219 990
917 353
423 633
274 612
66 1000
665 666
605 236
907 919
593 512
855 211
806 287
428 945
289 390
4 605
123 842
537 760
539 121
703 680
749 948
26 8
620 509
183 509
413 155
258 781
87 851
255 272
110 718
723 760
16 268
646 191
633 464
22 418
390 114
148 988
863 776
857 311
50 325
106 586
569 793
533 108
36 379
66 763
556 581
907 948
528 442
543 351
82 784
2 301
244 465
983 407
107 40
801 345
84 585
342 939
696 998
878 231
663 514
631 588
402 307
456 353
714 383
254 610
536 512
449 776
926 48
784 252
304 741
726 428
313 868
498 622
855 72
748 475
851 153
259 299
815 961
584 447
941 968
178 129
674 858
211 547
317 8
53 885
724 262
26 425
969 127
982 769
703 466
850 624
295 900
629 575
297 890
237 651
717 730
704 943
749 199
136 156
842 194
295 389
26 399
444 257
676 213
487 697
574 538
482 299
744 113
60 422
49 650
480 789
783 572
18 306
927 448
592 873
763 679
399 651
909 492
434 401
4 418
912 732
859 231
118 219
261 732
167 555
215 904
30 736
382 262
153 297
669 174
782 577
867 837
437 706
883 149
219 894
443 329
206 67
638 354
496 699
801 545
551 517
578 572
396 772
822 160
795 747
149 367
250 624
428 783
780 628
839 537
303 708
826 286
843 706
606 407
52 115
958 204
651 443
300 989
149 371
466 962
506 660
90 758
800 597
642 945
449 490
923 295
345 518
855 121
245 132
285 621
753 969
894 546
478 770
642 52
381 701
65 983
363 864
511 182
373 834
90 56
11 789
419 299
968 657
396 183
704 143
192 871
848 201
86 724
167 204
393 890
860 398
231 743
747 275
945 867
601 817
148 102
895 399
730 798
630 658
985 522
459 7
400 495
211 825
965 958
57 638
859 824
274 714
228 757
602 23
931 738
948 59
923 368
928 785
934 87
624 620
781 615
262 795
443 19
981 86
131 951
520 836
438 87
453 717
817 154
163 221
708 194
726 530
453 452
672 62
393 192
153 593
73 776
321 160
421 442
41 656
833 443
520 173
851 869
349 132
843 856
301 525
347 218
93 382
145 397
113 8
25 215
158 77
411 581
622 409
294 633
27 870
388 5
768 648
208 68
444 594
403 303
240 278
24 93
630 656
205 609
934 199
997 661
137 667
960 16
417 88
136 694
950 448
703 702
80 277
13 145
642 533
393 77
607 381
953 960
731 858
184 455
16 989
369 343
427 321
705 930
977 514
707 632
549 3
734 393
248 148
385 375
619 881
420 931
798 754
70 429
516 160
51 324
861 428
261 766
157 581
146 797
257 972
521 429
274 533
941 195
761 536
580 264
479 753
662 912
742 326
321 264
921 259
56 304
891 596
609 581
593 536
935 894
873 90
28 940
655 679
21 890
890 381
128 214
15 963
186 992
581 424
787 435
729 454
875 968
347 492
978 803
175 467
844 897
568 206
760 289
212 106
105 422
81 779
443 239
536 135
17 770
826 756
595 415
292 233
122 293
182 331
244 984
50 948
508 239
324 171
618 546
972 736
948 828
810 270
299 779
603 43
74 130
467 365
685 519
15 59
32 406
712 978
396 494
18 736
930 947
139 884
100 391
201 688
96 657
155 779
681 180
458 524
876 675
884 647
501 177
516 895
319 437
250 992
452 691
567 81
981 436
591 155
997 812
985 905
498 451
728 219
704 38
191 135
440 564
319 509
502 168
2 795
293 180
640 172
557 324
112 467
856 697
638 849
899 714
30 1
278 100
642 248
683 798
189 298
996 933
372 132
901 16
700 916
637 985
927 202
713 945
866 119
867 384
460 157
692 477
150 100
526 640
848 79
811 264
53 444
906 987
524 395
925 139
664 104
940 614
740 316
235 715
398 702
601 419
105 827
350 511
273 656
614 964
408 948
423 100
141 849
163 120
329 900
921 112
243 131
657 932
609 468
879 296
269 232
58 761
43 582
852 389
805 187
271 277
240 671
816 377
329 814
356 844
820 520
556 35
324 449
13 811
622 927
967 476
814 854
573 882
180 692
894 665
785 106
315 469
265 903
433 203
585 299
564 503
183 841
993 187
348 226
555 651
724 374
642 696
596 347
902 831
786 56
144 971
171 95
512 42
750 777
196 486
573 749
284 334
936 995
782 357
47 379
298 870
110 655
360 504
511 552
119 858
560 269
546 540
675 452
444 464
544 868
851 381
781 435
3 48
906 997
997 164
224 634
995 294
671 762
299 559
554 224
100 869
554 979
53 571
810 201
545 507
246 375
213 213
242 569
649 124
550 242
709 406
603 588
943 840
115 79
474 819
109 890
67 171
832 971
206 621
529 762
711 188
792 253
451 283
191 647
602 869
69 774
703 663
847 433
92 131
680 777
717 16
493 734
322 766
23 470
255 319
429 317
322 660
488 763
131 1000
593 251
638 80
644 352
789 981
822 370
337 399
413 588
444 783
90 937
411 440
570 57
244 823
618 766
38 131
620 299
476 808
414 704
632 459
755 671
457 243
762 487
928 463
804 633
351 137
114 288
606 33
779 406
734 876
123 334
328 505
16 31
393 470
961 148
996 715
522 318
282 619
85 458
678 936
68 28
581 753
227 944
332 548
213 531
54 990
742 89
20 27
231 304
47 16
748 605
509 488
905 302
235 123
498 945
266 411
518 928
99 305
536 172
558 569
318 251
20 671
467 811
360 616
685 567
506 993
434 100
7 9
648 993
536 989
18 353
543 481
540 818
769 127
618 888
420 745
229 170
721 834
583 595
290 344
511 820
364 342
741 845
672 838
882 339
13 293
566 751
489 240
998 842
752 510
479 324
460 144
899 503
889 231
963 354
268 258
751 791
585 326
451 165
491 514
103 463
821 474
872 834
772 575
8 681
592 659
400 779
231 101
462 16
788 253
966 670
490 666
252 29
472 341
365 231
564 980
605 131
350 715
349 350
584 864
670 377
403 678
771 251
204 740
879 204
546 16
923 596
230 469
935 331
363 848
889 12
411 698
491 527
653 619
595 475
457 246
789 254
35 547
723 500
518 859
818 378
116 294
438 181
845 53
942 100
166 759
583 393
104 650
196 767
201 817
248 148
986 725
40 777
514 589
888 422
310 211
862 568
454 233
27 270
651 312
58 7
692 230
984 512
156 554
60 152
658 608
122 895
132 692
417 856
471 61
627 632
491 483
8 365
716 804
42 625
683 809
196 620
903 46
546 771
394 408
36 371
923 670
873 63
909 844
970 386
809 183
780 242
594 784
477 6
892 381
231 694
357 244
107 278
414 126
255 494
429 436
864 76
764 573
750 163
798 759
187 358
715 605
864 871
398 431
289 833
957 872
445 297
218 990
502 277
606 342
557 995
353 428
94 786
707 168
780 980
903 669
870 487
175 365
139 475
120 955
321 15
715 12
415 469
631 308
160 803
287 602
572 492
477 163
186 120
703 449
639 659
425 799
233 501
39 6
165 783
641 698
286 878
567 301
854 277
212 382
824 770
243 304
456 556
917 52
240 447
746 578
76 705
807 799
390 115
909 66
